Static audit; q=0 authored pose; composition scene units = m, kg.
link                                  mass error[kg]   CoM error[m]  tensor error[kg m2]   world CoM error[m]  matches(m,c,I,w)
arm_base_link                             1.71509e-09    1.69963e-09          5.57825e-08          2.70674e-08  1,1,1,1
arm_l_link1                                 8.302e-08    1.49662e-09          2.94399e-10          2.53667e-08  1,1,1,1
arm_l_link2                                8.9325e-08    4.59129e-09          1.60894e-09          2.07764e-08  1,1,1,1
arm_l_link3                               1.31012e-08    2.12774e-09          5.54775e-10          1.06515e-08  1,1,1,1
arm_l_link4                               4.54849e-08    8.93326e-10          4.11733e-10          2.14227e-08  1,1,1,1
arm_l_link5                                1.8248e-08    4.86849e-10           2.6523e-10          9.98654e-09  1,1,1,1
arm_l_link6                               1.68306e-08    1.28486e-09          8.02669e-11          6.25064e-09  1,1,1,1
arm_l_link7                               3.81107e-09    3.49155e-09          2.44242e-10          1.80615e-08  1,1,1,1
arm_r_link1                                 8.302e-08    1.49662e-09          2.94399e-10          2.53688e-08  1,1,1,1
arm_r_link2                                8.9325e-08    4.59129e-09          1.60894e-09          2.07764e-08  1,1,1,1
arm_r_link3                               1.31012e-08    7.35035e-10          1.01367e-09          1.20442e-08  1,1,1,1
arm_r_link4                               3.20114e-08    1.56105e-09           6.9212e-10           2.3877e-08  1,1,1,1
arm_r_link5                                1.8248e-08    8.91017e-10          3.58945e-10          9.98654e-09  1,1,1,1
arm_r_link6                               1.68306e-08    2.15548e-09          1.72356e-10          6.24362e-09  1,1,1,1
arm_r_link7                               3.81107e-09    3.49155e-09          1.30798e-11          1.80615e-08  1,1,1,1
base_link                                 1.89673e-06              0           1.8902e-05                    0  1,1,0,1
camera_left_link                          3.09944e-09              0           5.7549e-11          2.50149e-08  1,1,1,1
camera_right_link                         3.09944e-09              0           5.7549e-11          2.50149e-08  1,1,1,1
gripper_l_rh_p12_rn_base                  1.43051e-09    1.51992e-09          2.52476e-15          3.21329e-08  1,1,1,1
gripper_l_rh_p12_rn_l1                    3.69549e-09    1.84774e-09          2.52476e-15          9.71556e-09  1,1,1,1
gripper_l_rh_p12_rn_l2                    1.19209e-10    5.96046e-11          2.52476e-15          2.91228e-08  1,1,1,1
gripper_l_rh_p12_rn_r1                    3.69549e-09    1.84774e-09          2.52476e-15          9.18714e-09  1,1,1,1
gripper_l_rh_p12_rn_r2                    1.19209e-10    5.96046e-11          2.52476e-15          2.91228e-08  1,1,1,1
gripper_r_rh_p12_rn_base                  1.43051e-09    1.51992e-09          2.52476e-15          3.21329e-08  1,1,1,1
gripper_r_rh_p12_rn_l1                    3.69549e-09    1.84774e-09          2.52476e-15          8.86843e-09  1,1,1,1
gripper_r_rh_p12_rn_l2                    1.19209e-10    5.96046e-11          2.52476e-15          2.91228e-08  1,1,1,1
gripper_r_rh_p12_rn_r1                    3.69549e-09    1.84774e-09          2.52476e-15          9.71556e-09  1,1,1,1
gripper_r_rh_p12_rn_r2                    1.19209e-10    5.96046e-11          2.52476e-15          2.91228e-08  1,1,1,1
head_link1                                2.43711e-09    4.21864e-10          1.41203e-11          2.99171e-08  1,1,1,1
head_link2                                3.51067e-09    2.64444e-11           1.6184e-09          5.01134e-08  1,1,1,1
left_wheel_drive_link                     3.74298e-08    5.62225e-11          3.52966e-10          3.93391e-09  1,1,1,1
left_wheel_steer_link                     2.42447e-08    1.70906e-09          8.12283e-10          7.18773e-09  1,1,1,1
lidar_l_link                              1.49012e-09              0          2.52621e-12          5.36442e-09  1,0,1,0
lidar_r_link                              1.49012e-09              0          2.52621e-12          5.36442e-09  1,1,1,1
lift_link                                  3.8147e-07    1.17473e-08           2.4501e-09          1.17473e-08  1,1,1,1
rear_wheel_drive_link                     3.74298e-08    5.62225e-11          3.52966e-10          4.86374e-09  1,1,1,1
rear_wheel_steer_link                     2.42447e-08    4.07108e-09          8.31086e-10          1.18912e-08  1,1,1,1
right_wheel_drive_link                    3.74298e-08    5.62225e-11          3.52966e-10          3.93391e-09  1,1,1,1
right_wheel_steer_link                    2.42447e-08    4.07108e-09          8.31086e-10          1.18912e-08  1,1,1,1

Tolerance: {"mass_kg_atol": 1e-05, "com_m_atol": 2e-07, "tensor_kg_m2_atol": 2e-06, "tensor_rtol": 2e-05, "world_com_m_atol": 2e-07}
